3713	240	209	203
3831	182	70	78
3743	202	195	203
341	171	188	219
761	242	191	184
777	138	55	59
3042	180	167	176
156	139	154	197
760	238	158	149
819	237	226	220
3041	146	121	128
340	152	158	212
3712	223	131	120
818	239	216	212
3740	124	98	102
155	144	139	195
3328	210	108	98
776	240	185	186
3836	185	145	173
3746	125	123	185
347	190	76	66
3326	239	171	176
3835	152	108	139
333	110	100	167
353	242	202	180
899	230	129	148
3834	113	73	96
157	171	194	222
352	244	169	144
335	216	105	123
3806	226	128	165
794	146	175	205
351	230	120	99
309	184	67	81
3805	213	87	134
793	119	142	182
350	220	91	75
326	169	53	62
3804	200	70	115
792	88	101	158
349	194	49	49
151	242	188	197
605	242	186	211
158	70	80	130
817	176	43	35
3354	227	165	170
604	236	154	185
791	66	71	121
3708	245	167	182
3733	221	142	152
603	235	128	167
3807	104	122	171
3706	248	131	142
3731	202	106	124
602	215	83	126
3840	168	196	229
3705	229	91	94
3350	185	85	105
601	205	68	108
3839	130	154	206
38010	232	68	78
150	159	56	69
600	181	55	86
3838	107	131	190
666	209	38	39
3689	234	182	200
3609	233	175	211
800	174	207	228
321	177	39	42
3688	211	136	155
3608	223	146	189
809	145	177	219
304	158	51	50
3687	185	101	123
3607	191	99	147
799	121	158	202
498	153	52	49
3803	146	73	91
718	169	67	114
798	76	113	179
816	151	62	59
3685	124	61	68
917	155	69	106
797	65	87	148
815	134	57	50
225	236	217	207
915	126	52	73
796	48	66	127
814	113	57	51
224	223	179	166
153	222	188	217
820	40	57	117
894	244	148	167
152	207	162	150
554	206	168	204
828	192	223	226
893	241	114	134
223	187	129	123
553	162	120	170
162	189	219	230
892	240	96	111
3722	178	108	103
552	136	92	144
827	173	209	229
891	229	69	91
3721	159	87	78
550	81	57	87
813	131	176	205
957	246	162	181
221	136	66	56
211	212	195	228
826	94	145	188
956	238	102	136
778	218	183	182
210	201	175	221
825	64	112	161
963	241	206	210
3727	213	171	178
209	182	147	195
824	59	98	146
3716	241	174	186
316	191	136	156
208	152	112	172
3756	221	233	231
962	228	138	155
3726	159	109	109
3837	135	93	155
775	206	228	232
961	220	116	133
315	142	93	92
327	122	85	119
3841	184	213	226
3833	226	132	141
3802	123	68	75
154	77	46	61
3325	163	196	224
3832	212	96	107
902	107	59	51
3747	204	213	231
3755	145	182	214
334	109	152	189
3809	47	121	130
924	66	96	92
905	88	135	47
322	88	128	175
3808	41	97	107
955	187	233	193
904	73	116	53
312	56	97	137
3849	99	171	163
954	144	209	158
472	193	206	123
803	44	73	111
3848	60	143	133
913	123	198	146
471	149	174	88
311	48	80	111
3847	29	111	102
912	95	183	132
470	136	160	64
336	52	70	97
964	157	221	213
911	62	158	102
469	100	125	55
823	47	56	74
959	104	193	178
910	33	135	81
937	93	113	54
936	86	100	50
909	23	118	71
958	76	178	160
939	39	45	52
3753	196	218	224
3812	6	144	129
3818	20	104	64
935	73	92	59
934	62	74	49
966	167	206	175
3851	72	174	147
3752	172	199	209
932	143	174	185
943	27	153	127
369	196	226	180
3053	162	173	128
3052	143	154	109
368	152	193	139
3850	16	135	105
931	103	137	151
930	67	94	103
993	120	190	167
320	113	160	114
3051	98	107	64
524	173	181	151
367	88	138	93
992	87	169	146
3750	47	77	93
996	45	164	227
3814	51	138	118
319	53	99	61
523	162	179	141
522	142	162	125
890	39	82	47
991	36	122	101
3843	0	126	201
995	1	108	192
564	156	208	171
164	159	204	141
520	82	109	74
3364	150	168	113
989	135	180	110
563	135	195	158
3846	23	197	226
3845	0	181	217
562	89	155	109
988	119	167	93
3363	114	141	96
3362	86	107	68
987	94	140	80
505	65	130	83
3844	0	141	188
3761	175	217	228
561	55	117	87
986	58	116	59
165	218	216	120
3819	197	194	79
772	208	228	175
3817	146	188	166
519	145	192	215
518	100	161	185
3816	113	167	141
3348	182	199	127
166	191	187	32
581	132	150	48
3347	127	162	92
163	86	149	113
3760	82	141	174
517	67	120	164
3815	83	138	109
3346	107	142	77
580	104	119	45
734	188	179	91
3345	72	109	58
504	171	208	190
3842	44	95	135
747	199	232	232
3813	157	196	178
895	60	98	58
733	172	162	62
732	132	126	42
704	147	189	87
503	130	177	154
3766	137	196	209
807	96	165	182
502	104	152	126
703	129	184	94
731	134	128	44
730	115	112	43
702	89	160	82
501	74	120	98
806	78	137	166
3765	48	116	146
500	46	76	59
701	61	140	75
3013	177	178	123
3012	149	146	83
700	46	130	72
928	191	208	201
3811	172	217	215
598	151	204	202
927	166	189	180
699	16	107	61
3011	118	116	63
372	177	174	120
907	152	190	48
926	128	154	148
597	112	174	180
3810	83	151	160
3768	93	125	123
906	107	169	32
371	165	151	93
370	160	144	84
307	246	227	17
3770	236	232	211
3772	165	125	95
632	138	98	69
951	237	222	189
444	245	213	0
834	205	190	103
833	187	169	80
3078	237	236	169
945	238	206	166
453	203	199	187
452	187	174	166
3856	239	198	141
727	241	234	132
832	170	149	58
831	140	125	49
726	245	227	83
402	231	169	106
451	151	139	129
3861	167	147	136
3776	207	131	72
725	244	210	78
830	124	112	50
829	112	94	44
3823	236	237	197
301	170	103	48
3860	140	117	103
779	109	87	72
400	141	82	32
745	239	234	162
613	199	197	162
612	173	159	112
744	242	229	129
300	120	78	36
712	232	233	216
739	229	218	178
3855	240	215	136
743	246	216	87
611	137	128	85
610	115	105	67
742	248	190	41
3854	242	179	92
738	217	195	143
437	217	184	121
3853	227	142	57
741	246	151	38
3047	222	217	164
3046	207	196	127
740	245	116	25
3827	234	186	108
436	205	165	104
435	181	135	71
977	222	167	85
973	245	214	2
3045	182	162	101
167	159	132	71
972	243	185	6
976	196	135	51
434	146	106	50
433	117	88	45
3826	178	117	52
971	247	124	27
677	224	217	161
422	208	186	121
970	249	118	53
975	139	91	44
801	108	83	47
898	99	81	47
948	237	225	204
947	233	78	43
3828	184	157	93
869	129	107	55
946	229	75	36
754	238	205	175
938	80	68	43
3371	58	57	38
3771	232	181	143
900	203	68	49
420	156	126	68
728	236	191	60
608	244	70	52
758	228	179	147
543	224	214	189
3864	195	177	144
3778	214	148	120
606	223	45	35
783	206	158	55
782	180	131	43
967	243	200	182
356	193	122	93
3863	163	138	101
3862	137	114	76
3830	182	100	74
3824	246	187	164
781	169	123	44
780	151	104	44
3341	247	170	144
355	158	79	57
842	208	198	171
841	171	156	125
3777	147	66	52
3340	247	126	91
746	233	235	204
676	226	202	123
3825	245	186	130
3779	235	192	167
840	147	131	96
839	111	94	67
3859	193	141	118
722	246	167	102
729	204	172	88
680	173	142	65
721	239	127	64
3858	143	93	76
838	93	77	53
3790	135	122	90
3857	118	72	51
720	218	98	38
3829	166	134	58
3822	233	212	113
922	224	135	73
3774	230	212	183
3781	107	95	62
3031	82	75	48
950	231	203	175
921	200	112	56
3821	225	196	84
3820	217	182	61
920	175	89	45
3773	205	166	135
05200	255	255	255
1	255	255	255
3064	199	155	118
919	165	79	40
3852	203	162	37
445	240	237	133
918	145	77	45
407	189	151	122
00000	255	255	255
3865	249	250	248
3880	142	73	66
3881	141	163	96
0000	233	233	212
822	227	226	200
3882	101	69	47
3883	221	112	52
644	203	203	172
642	165	163	129
3884	103	110	108
3885	6	66	130
640	146	141	105
3866	227	228	212
3886	108	15	84
3887	98	56	135
3033	220	218	194
3782	191	183	147
3888	106	90	102
3889	240	219	74
3032	167	160	121
3024	203	207	192
3890	59	204	237
3891	6	94	154
3023	178	182	154
3022	150	155	126
3892	245	99	11
3893	203	174	151
3787	113	113	85
3021	89	87	61
3894	143	171	11
3895	136	133	114
3072	213	221	209
648	186	191	173
647	161	168	143
646	135	142	121
645	116	126	101
535	99	107	91
844	94	99	81
159	167	180	205
160	130	144	174
161	102	117	148
168	180	195	193
169	139	154	148
762	217	223	225
415	184	193	197
318	160	167	176
414	127	133	139
317	105	114	117
413	88	99	93
3799	76	84	74
310	44	50	37